HeapSort:1:2.753400
InorderWCreation:1:65.470500
